26.800587,0.692910,24.194782	,10.535412,0.702039,35.832825	,-0.949988
27.067656,0.693206,24.568020	,10.802481,0.702337,36.206062	,-0.949988
27.332975,0.693501,24.938820	,11.067801,0.702633,36.576862	,-0.949988
27.596560,0.693794,25.307190	,11.331385,0.702927,36.945232	,-0.949988
27.878086,0.693851,25.700638	,11.612911,0.702981,37.338676	,-0.949955
28.191959,0.694968,26.139288	,11.926781,0.704097,37.777328	,-0.949944
28.536043,0.695450,26.620167	,12.270868,0.704583,38.258205	,-0.949947
28.909241,0.695462,27.141720	,12.644062,0.704591,38.779758	,-0.949950
29.311892,0.695735,27.704445	,13.046712,0.704867,39.342484	,-0.949951
29.744247,0.696295,28.308693	,13.479073,0.705426,39.946732	,-0.949951
30.206514,0.696908,28.954739	,13.941339,0.706039,40.592777	,-0.949949
32.974880,0.699955,32.823704	,16.709702,0.709086,44.461742	,-0.949948
33.621609,0.700675,33.727547	,17.356434,0.709806,45.365585	,-0.949948
34.299873,0.701423,34.675461	,18.034693,0.710557,46.313499	,-0.949948
35.009865,0.702209,35.667728	,18.744688,0.711340,47.305767	,-0.949948
35.751797,0.703031,36.704624	,19.486622,0.712162,48.342663	,-0.949948
36.525860,0.703889,37.786427	,20.260679,0.713021,49.424465	,-0.949947
37.322224,0.701173,38.891220	,21.084829,0.717519,50.567978	,-0.947561
38.143600,0.697061,40.014603	,21.964689,0.723472,51.772240	,-0.942567
39.015369,0.702643,41.206596	,22.861052,0.719808,52.998024	,-0.940483
39.928490,0.708158,42.455292	,23.782555,0.716281,54.258202	,-0.939776
40.878059,0.709480,43.753323	,24.734978,0.717018,55.560131	,-0.939535
41.862240,0.709574,45.098507	,25.720121,0.719055,56.906635	,-0.939452
42.880432,0.710473,46.490253	,26.738642,0.720360,58.298832	,-0.939424
43.919689,0.706662,47.899780	,27.814350,0.726444,59.758018	,-0.936340
44.977032,0.696889,49.305180	,28.968067,0.738543,61.293140	,-0.928252
46.085163,0.697047,50.754993	,30.163448,0.740768,62.858593	,-0.921009
47.257969,0.711187,52.289127	,31.365408,0.729094,64.431053	,-0.918613
48.476551,0.718721,53.881386	,32.593861,0.724089,66.036224	,-0.917807
49.734364,0.718905,55.523663	,33.855007,0.726506,67.682854	,-0.917533
51.028820,0.718671,57.213577	,35.150585,0.729416,69.374229	,-0.917439
52.359089,0.720172,58.950378	,36.481228,0.730664,71.111526	,-0.917408
53.725029,0.722098,60.733784	,37.847298,0.731561,72.895096	,-0.917398
55.126072,0.723698,62.562962	,39.248379,0.732977,74.724327	,-0.917397
56.554001,0.725096,64.427200	,40.676323,0.734610,76.588593	,-0.917407
57.986481,0.720984,66.287628	,42.142357,0.741249,78.492676	,-0.914661
59.407600,0.705487,68.095268	,43.676361,0.759404,80.445381	,-0.905465
60.845982,0.697694,69.880478	,45.247578,0.770166,82.397842	,-0.894786
62.333378,0.718612,71.719688	,46.781322,0.752349,84.294762	,-0.891106
63.837883,0.734591,73.576538	,48.301071,0.739382,86.170486	,-0.889911
65.347130,0.736180,75.436699	,49.815311,0.740729,88.036812	,-0.889516
66.855835,0.734435,77.295525	,51.325657,0.745406,89.897652	,-0.889384
68.385239,0.735212,79.180023	,52.855598,0.747079,91.782806	,-0.889303
69.951042,0.738465,81.109482	,54.421585,0.748556,93.712494	,-0.889277
71.553566,0.740439,83.084122	,56.024170,0.749852,95.687210	,-0.889272
73.192963,0.741536,85.104134	,57.663589,0.751279,97.707253	,-0.889273
74.847717,0.733384,87.125580	,59.376007,0.762516,99.799377	,-0.884710
76.506210,0.712512,89.101807	,61.185394,0.786680,101.957428	,-0.872894
78.170151,0.690381,91.007935	,63.098907,0.811742,104.154907	,-0.853716
79.918633,0.704730,92.964378	,64.994987,0.800432,106.278862	,-0.842571
81.725807,0.742015,94.977150	,66.851173,0.766415,108.346687	,-0.838919
83.553658,0.756624,97.006721	,68.695183,0.755111,110.394249	,-0.837728
85.387405,0.754005,99.039772	,70.534225,0.760994,112.433174	,-0.837330
87.197151,0.741774,101.028305	,72.410332,0.776433,114.494873	,-0.832380
88.978600,0.720654,102.937126	,74.357399,0.800714,116.583153	,-0.820157
90.775497,0.712084,104.806000	,76.339294,0.812401,118.647461	,-0.806701
92.634872,0.741387,106.728233	,78.262894,0.786245,120.636665	,-0.802084
94.513916,0.763306,108.665451	,80.163025,0.767427,122.595688	,-0.800589
96.394714,0.764563,110.600105	,82.056015,0.769256,124.542915	,-0.799713
98.243713,0.747947,112.477882	,83.995148,0.788937,126.512718	,-0.793258
100.062500,0.724996,114.274040	,86.006378,0.814898,128.501373	,-0.779635
101.861519,0.705945,115.977226	,88.103600,0.836883,130.492813	,-0.758898
103.649704,0.689630,117.576096	,90.301147,0.856030,132.468658	,-0.731083
105.468933,0.682589,119.102127	,92.565369,0.865767,134.381668	,-0.701612
107.435379,0.731878,120.724319	,94.705017,0.819271,136.149307	,-0.690322
109.459663,0.773797,122.384544	,96.786308,0.780037,137.856644	,-0.686660
111.500595,0.779073,124.052078	,98.845932,0.777410,139.539474	,-0.685457
113.543144,0.772749,125.718880	,100.894585,0.786394,141.211258	,-0.685055
115.581985,0.772283,127.382835	,102.935425,0.789519,142.876846	,-0.684924
117.615700,0.775675,129.042801	,104.969795,0.788777,144.537338	,-0.684884
119.644005,0.778029,130.698212	,106.998314,0.789060,146.192932	,-0.684871
121.654823,0.775454,132.334366	,109.037895,0.794260,147.852524	,-0.683014
123.621880,0.758627,133.905396	,111.139183,0.813674,149.531647	,-0.674385
125.553383,0.737940,135.397873	,113.314827,0.836885,151.215836	,-0.658860
127.502373,0.733461,136.850769	,115.515083,0.843819,152.859924	,-0.643082
129.533493,0.766609,138.354889	,117.633080,0.813152,154.429047	,-0.637678
131.590530,0.788883,139.873245	,119.718613,0.793309,155.968521	,-0.635926
133.652908,0.789652,141.392334	,121.790306,0.794960,157.494476	,-0.635347
135.706299,0.784507,142.901840	,123.862244,0.802523,159.017624	,-0.634190
137.736908,0.776180,144.379242	,125.960136,0.813245,160.544220	,-0.630017
139.784805,0.782681,145.866440	,128.031876,0.809131,162.048782	,-0.628547
141.835388,0.791107,147.354614	,130.090271,0.803081,163.542633	,-0.628072
143.883255,0.793396,148.839966	,132.140671,0.803159,165.029846	,-0.627916
145.923935,0.792662,150.319107	,134.187668,0.806255,166.513535	,-0.627524
147.924286,0.781537,151.751572	,136.280182,0.819715,168.012375	,-0.621839
149.882401,0.762591,153.115494	,138.440262,0.840943,169.518875	,-0.609472
151.805679,0.745163,154.399673	,140.677475,0.860581,171.017410	,-0.590473
153.700256,0.730355,155.593231	,143.001373,0.877501,172.490356	,-0.564883
155.570557,0.715817,156.685928	,145.421021,0.894031,173.918320	,-0.532739
157.465408,0.710892,157.705353	,147.888321,0.900792,175.262207	,-0.499875
159.541840,0.762845,158.802200	,150.185822,0.850791,176.478653	,-0.487311
161.690155,0.804539,159.929337	,152.406769,0.810925,177.644272	,-0.483235
163.859009,0.808584,161.061920	,154.599396,0.808671,178.789276	,-0.481898
166.030426,0.801603,162.194122	,156.778564,0.817456,179.925537	,-0.481451
168.175339,0.795193,163.305573	,158.977615,0.825669,181.065125	,-0.478398
170.267014,0.780468,164.362106	,161.240128,0.842148,182.209000	,-0.468805
172.311646,0.763308,165.351974	,163.572571,0.860992,183.341385	,-0.452763
174.313965,0.748078,166.264069	,165.981598,0.877817,184.445251	,-0.430313
176.277252,0.734061,167.087967	,168.473358,0.893319,185.501907	,-0.401497
178.324585,0.747898,167.895294	,170.909698,0.880895,186.469513	,-0.380488
180.500473,0.794861,168.747040	,173.211563,0.835386,187.371490	,-0.373721
182.710815,0.814975,169.606247	,175.470764,0.816640,188.249802	,-0.371119
184.879471,0.798595,170.429504	,177.772324,0.834362,189.124084	,-0.363999
186.993637,0.773876,171.197357	,180.138901,0.860375,189.985779	,-0.350556
189.056824,0.757949,171.899170	,182.574890,0.877523,190.819275	,-0.330840
191.071701,0.746326,172.524048	,185.084579,0.890261,191.606323	,-0.304887
193.039581,0.733283,173.062012	,187.671356,0.904290,192.327332	,-0.272752
195.013855,0.728746,173.528214	,190.279053,0.909655,192.958817	,-0.240175
197.182220,0.777930,174.025162	,192.690338,0.861415,193.514023	,-0.227666
199.427414,0.816369,174.533783	,195.015091,0.823803,194.040985	,-0.223610
201.708344,0.818768,175.046112	,197.322144,0.821197,194.559204	,-0.222168
204.051483,0.812472,175.571014	,199.674042,0.829908,195.086090	,-0.221625
206.437073,0.808536,176.101868	,202.097687,0.835554,195.625427	,-0.219664
208.809769,0.794030,176.607513	,204.636673,0.850537,196.167236	,-0.211251
211.152084,0.773423,177.067688	,207.280502,0.870922,196.689148	,-0.196041
213.453201,0.754180,177.465164	,210.020584,0.890390,197.167923	,-0.173979
215.705444,0.736951,177.784698	,212.850616,0.908314,197.579163	,-0.145144
217.902527,0.719917,178.013123	,215.765106,0.925976,197.897522	,-0.109800
220.063797,0.706162,178.145050	,218.732529,0.939970,198.099335	,-0.071186
222.448227,0.756869,178.256897	,221.477890,0.889511,198.232910	,-0.053894
224.950775,0.813761,178.365356	,224.098450,0.832775,198.347168	,-0.048289
227.488281,0.825030,178.468842	,226.674561,0.821635,198.452271	,-0.046606
230.033096,0.815964,178.570023	,229.232010,0.830871,198.553970	,-0.046055
232.617966,0.821088,178.683075	,231.736160,0.825939,198.663635	,-0.049619
235.262238,0.843026,178.828491	,234.164825,0.804221,198.798309	,-0.059480
237.963852,0.864500,179.024124	,236.516647,0.783026,198.971542	,-0.076073
240.719620,0.881027,179.289764	,238.789749,0.766873,199.196106	,-0.099529
243.524796,0.896508,179.646637	,240.981277,0.751887,199.483704	,-0.129836
246.372742,0.913018,180.116562	,243.087372,0.736018,199.844070	,-0.166935
249.254440,0.929940,180.721695	,245.103073,0.719907,200.284988	,-0.210732
252.158020,0.946555,181.484390	,247.022217,0.704293,200.812210	,-0.261148
255.039337,0.958190,182.411911	,248.870209,0.693798,201.434830	,-0.314860
257.606537,0.891220,183.312317	,250.985886,0.762290,202.184265	,-0.338312
260.010406,0.821002,184.173813	,253.243195,0.833887,202.994156	,-0.345923
262.355530,0.808885,185.023758	,255.540588,0.847283,203.826828	,-0.348447
264.685791,0.822989,185.873596	,257.836304,0.834508,204.664154	,-0.350291
267.057281,0.842883,186.759109	,260.064484,0.815998,205.496780	,-0.357936
269.470123,0.861077,187.699158	,262.212982,0.799228,206.335938	,-0.372088
271.916412,0.876950,188.710342	,264.276520,0.784834,207.193405	,-0.392706
274.386902,0.892689,189.810013	,266.249817,0.770659,208.079453	,-0.419756
276.870605,0.908930,191.015610	,268.126953,0.756096,209.002426	,-0.453207
279.354401,0.925208,192.344482	,269.901764,0.741630,209.968719	,-0.493020
281.822815,0.941264,193.813583	,271.567444,0.727532,210.982773	,-0.539156
284.257721,0.957191,195.438995	,273.116852,0.713723,212.046875	,-0.591578
286.615021,0.968236,197.211563	,274.572235,0.704893,213.177200	,-0.646929
288.678345,0.901506,198.849640	,276.248352,0.774210,214.517426	,-0.671158
290.597412,0.833226,200.394394	,278.042664,0.844922,215.962906	,-0.679017
292.463989,0.822519,201.907928	,279.868774,0.857952,217.443665	,-0.681607
294.304321,0.833905,203.401962	,281.708862,0.848932,218.937546	,-0.681633
296.103333,0.827018,204.842560	,283.599426,0.858189,220.451904	,-0.675749
297.866333,0.807707,206.216431	,285.553101,0.879818,221.976471	,-0.663590
299.621948,0.796613,207.538315	,287.549988,0.893152,223.483780	,-0.648378
301.451599,0.820964,208.905167	,289.474243,0.871056,224.922043	,-0.642467
303.309540,0.842933,210.289627	,291.363251,0.851309,226.329758	,-0.640550
305.161346,0.842392,211.662247	,293.254608,0.854057,227.731766	,-0.638085
306.972107,0.823705,212.977859	,295.201965,0.874920,229.147629	,-0.629601
308.766235,0.810365,214.245422	,297.190186,0.890382,230.554596	,-0.617652
310.617981,0.829098,215.545563	,299.118652,0.873782,231.909058	,-0.612965
312.491333,0.847689,216.858368	,301.017151,0.857296,233.239563	,-0.611445
314.368713,0.850466,218.171844	,302.902771,0.856613,234.558807	,-0.610945
316.243835,0.847953,219.483017	,304.780579,0.861217,235.871841	,-0.610778
318.114319,0.848066,220.791092	,306.651978,0.863191,237.180527	,-0.610723
319.979706,0.850004,222.095673	,308.517609,0.863333,238.485321	,-0.610707
321.851929,0.851034,223.405029	,310.389954,0.863390,239.794739	,-0.610661
323.768921,0.852750,224.745590	,312.306946,0.865386,241.135330	,-0.610627
325.733337,0.854083,226.119370	,314.271423,0.867043,242.509109	,-0.610620
327.739655,0.855057,227.522446	,316.277740,0.868011,243.912186	,-0.610636
329.770782,0.855313,228.942245	,318.314301,0.869117,245.335800	,-0.610328
331.782867,0.844583,230.331680	,320.418488,0.881602,246.789169	,-0.604730
333.765900,0.825268,231.663239	,322.605438,0.903212,248.259552	,-0.592399
335.721771,0.807224,232.921387	,324.879913,0.923622,249.727356	,-0.573341
337.653229,0.791829,234.092316	,327.248505,0.941144,251.172119	,-0.547576
339.631073,0.793728,235.223663	,329.632233,0.941162,252.544220	,-0.524004
341.745453,0.839700,236.421417	,331.886810,0.897179,253.822693	,-0.515936
343.905731,0.868071,237.638840	,334.093109,0.870757,255.066208	,-0.513318
346.070282,0.866252,238.852585	,336.290680,0.874529,256.298462	,-0.511426
348.187897,0.845833,240.016953	,338.544403,0.896871,257.538361	,-0.503634
350.258484,0.825268,241.115372	,340.868347,0.919293,258.773712	,-0.489240
352.287476,0.810196,242.136032	,343.270020,0.936135,259.987335	,-0.468281
354.372345,0.819498,243.140701	,345.641693,0.928543,261.134125	,-0.452298
356.551331,0.857094,244.184647	,347.913391,0.892680,262.223083	,-0.447162
358.757172,0.874324,245.236923	,350.149628,0.877133,263.289917	,-0.445495
360.968048,0.871948,246.289078	,352.370453,0.881186,264.346802	,-0.444942
363.168610,0.867101,247.334076	,354.590851,0.887709,265.401215	,-0.443839
365.317444,0.854420,248.335419	,356.865479,0.902037,266.461700	,-0.436889
367.414856,0.837011,249.276733	,359.206970,0.921032,267.514709	,-0.423479
369.465485,0.821052,250.146484	,361.621490,0.938497,268.543701	,-0.403654
371.509308,0.814172,250.956573	,364.073029,0.946778,269.522247	,-0.381637
373.677643,0.848681,251.802292	,366.399323,0.913718,270.430817	,-0.373149
375.894501,0.877241,252.662155	,368.667938,0.886548,271.310913	,-0.370393
378.123596,0.880103,253.523407	,370.913940,0.885055,272.178741	,-0.369489
380.315216,0.866671,254.358185	,373.192841,0.899845,273.046967	,-0.364813
382.450592,0.847617,255.142822	,375.534515,0.920213,273.908813	,-0.353816
384.533600,0.832041,255.865631	,377.943756,0.937031,274.748505	,-0.336529
386.567352,0.818869,256.515564	,380.425140,0.951352,275.548584	,-0.312995
388.553619,0.805372,257.082458	,382.982208,0.965879,276.290100	,-0.283260
390.625061,0.819429,257.624603	,385.470093,0.952780,276.948395	,-0.261706
392.833221,0.866296,258.197144	,387.812897,0.906916,277.556763	,-0.254743
395.081543,0.886588,258.775116	,390.105286,0.887540,278.146149	,-0.252490
397.321747,0.879367,259.344360	,392.396088,0.895670,278.728333	,-0.249880
399.502258,0.859010,259.876343	,394.744202,0.916911,279.302063	,-0.241274
401.623932,0.841818,260.359070	,397.154205,0.934930,279.852966	,-0.226541
403.688843,0.829160,260.781372	,399.628601,0.948328,280.364563	,-0.205728
405.697968,0.816719,261.132996	,402.169159,0.961402,280.818665	,-0.178903
407.651093,0.803142,261.404968	,404.776337,0.975484,281.196533	,-0.146196
409.546661,0.789404,261.589661	,407.449127,0.989581,281.478333	,-0.107880
411.381897,0.776026,261.680756	,410.184509,1.003150,281.643585	,-0.064983
413.349976,0.800698,261.719696	,412.780640,0.978573,281.710785	,-0.037411
415.524933,0.865809,261.758728	,415.158173,0.913648,281.755310	,-0.029265
417.761749,0.891871,261.792603	,417.461212,0.887610,281.790344	,-0.027239
420.010986,0.884994,261.822510	,419.739014,0.894513,281.820679	,-0.026467
422.208954,0.867633,261.837952	,422.055328,0.911907,281.837341	,-0.024070
424.340485,0.851331,261.825623	,424.425018,0.928201,281.825317	,0.023407
426.405243,0.838534,261.774658	,426.847015,0.940914,281.769531	,0.032123
428.402222,0.826296,261.674957	,429.319397,0.952973,281.653534	,0.051625
430.329742,0.813322,261.518005	,431.839142,0.965658,281.460388	,0.079320
432.185211,0.800162,261.296509	,434.401825,0.978404,281.172485	,0.113796
433.965027,0.787291,261.004669	,437.001099,0.990714,280.771820	,0.154518
435.922821,0.822372,260.648834	,439.395294,0.955050,280.344635	,0.176158
438.019897,0.875129,260.263153	,441.635193,0.901721,279.933685	,0.183174
440.157867,0.889242,259.864746	,443.819794,0.886939,279.526672	,0.185505
442.304962,0.881416,259.462311	,445.982086,0.894110,279.121368	,0.186282
444.423584,0.871936,259.059296	,448.158081,0.902948,278.707489	,0.189197
446.474609,0.858600,258.648285	,450.381226,0.915614,278.262970	,0.197932
448.456238,0.844760,258.218689	,452.647644,0.928724,277.774353	,0.212421
450.366089,0.831997,257.761200	,454.953186,0.940683,277.227753	,0.232631
452.201111,0.819750,257.267578	,457.292480,0.952036,276.608215	,0.258542
454.088501,0.831160,256.721588	,459.544861,0.939678,275.962616	,0.277344
456.092499,0.868260,256.139282	,461.666107,0.901672,275.346924	,0.283330
458.129028,0.882961,255.543945	,463.740906,0.886007,274.740479	,0.285292
460.154663,0.875628,254.946259	,465.811584,0.892373,274.129547	,0.287645
462.116211,0.857830,254.348160	,467.923645,0.909185,273.486359	,0.295504
464.009064,0.842776,253.740692	,470.074249,0.923211,272.798676	,0.308994
465.830109,0.831468,253.114960	,472.258270,0.933428,272.053497	,0.328078
467.591339,0.822559,252.460037	,474.455658,0.941150,271.244812	,0.351169
469.460693,0.847363,251.750153	,476.521362,0.915196,270.462250	,0.361555
471.389343,0.873757,251.014816	,478.513916,0.887627,269.702789	,0.364919
473.332886,0.877528,250.271057	,480.478333,0.882659,268.951050	,0.366026
475.251038,0.867430,249.530151	,482.452026,0.891560,268.188782	,0.369012
477.104248,0.851543,248.793274	,484.464661,0.906229,267.389526	,0.377579
478.889374,0.838248,248.051651	,486.510651,0.918261,266.542450	,0.391647
480.602661,0.827256,247.297272	,488.583801,0.927929,265.635529	,0.411182
482.278839,0.822662,246.512955	,490.644684,0.931117,264.678864	,0.432235
484.064423,0.850616,245.669983	,492.577118,0.901811,263.767792	,0.440260
485.892761,0.871347,244.804016	,494.453369,0.879689,262.879303	,0.442870
487.732910,0.871233,243.930069	,496.309143,0.877953,261.997955	,0.443717
489.615570,0.866210,243.035309	,498.196991,0.881817,261.100708	,0.443939
491.551819,0.865488,242.115219	,500.135010,0.882526,260.179779	,0.444018
493.541138,0.865908,241.169983	,502.124878,0.880448,259.234283	,0.444051
495.583282,0.865326,240.199600	,504.167267,0.878839,258.263794	,0.444069
497.668976,0.864277,239.208466	,506.253021,0.878239,257.272644	,0.444097
499.782135,0.863160,238.204300	,508.366180,0.877482,256.268463	,0.444123
501.870941,0.854370,237.201294	,510.527924,0.884409,255.230621	,0.448187
503.900177,0.836054,236.198654	,512.743469,0.901020,254.137222	,0.458575
505.858643,0.817759,235.187851	,515.000244,0.917642,252.976059	,0.475302
507.736755,0.802156,234.160568	,517.285583,0.931463,251.733353	,0.498347
509.543457,0.789849,233.102478	,519.571899,0.941826,250.405884	,0.525854
511.466431,0.821218,231.951645	,521.709473,0.908560,249.129318	,0.538206
513.454895,0.856673,230.755798	,523.767639,0.871181,247.891907	,0.542207
515.450378,0.860734,229.548996	,525.803528,0.865171,246.660721	,0.544559
517.383545,0.839195,228.356506	,527.870605,0.884748,245.386444	,0.552426
519.240967,0.816730,227.172134	,529.966675,0.905210,244.052628	,0.566529
521.015991,0.801649,225.986755	,532.081665,0.918227,242.646179	,0.586819
522.701782,0.788520,224.792099	,534.203979,0.929208,241.153000	,0.613268
524.462158,0.809186,223.508743	,536.202026,0.906379,239.700272	,0.627802
526.293884,0.845471,222.167587	,538.111267,0.867947,238.302933	,0.632527
528.144104,0.855543,220.808121	,539.986755,0.855686,236.924973	,0.634077
529.996643,0.849421,219.444794	,541.847473,0.859630,235.555573	,0.634594
531.846619,0.845156,218.083145	,543.700134,0.861732,234.191940	,0.634765
533.698303,0.844690,216.720490	,545.552795,0.859158,232.828644	,0.634793
535.590088,0.845351,215.328323	,547.444824,0.857375,231.436264	,0.634771
537.527710,0.844875,213.902298	,549.382568,0.856859,230.010147	,0.634770
539.500732,0.843229,212.450150	,551.355591,0.855887,228.557968	,0.634793
541.455627,0.832896,210.998962	,553.378723,0.862753,227.056274	,0.639069
543.353027,0.812221,209.555908	,555.450684,0.880537,225.482056	,0.650019
545.177307,0.791589,208.115051	,557.553650,0.898870,223.825409	,0.667670
546.915466,0.773889,206.669952	,559.670105,0.914262,222.074493	,0.692017
548.555664,0.756925,205.214615	,561.781494,0.928613,220.216232	,0.723035
550.175354,0.758607,203.689987	,563.809753,0.924109,218.321274	,0.750590
551.916870,0.809415,202.035751	,565.689209,0.870604,216.538162	,0.759927
553.696472,0.839303,200.336624	,567.513489,0.837972,214.796555	,0.762970
555.484253,0.836670,198.624222	,569.315918,0.837874,213.070206	,0.763981
557.271973,0.828483,196.910614	,571.108398,0.843341,211.352020	,0.764319
559.018433,0.818055,195.222687	,572.918823,0.851039,209.602448	,0.768773
560.693726,0.799547,193.565155	,574.751465,0.866784,207.791016	,0.779796
562.288086,0.780097,191.928864	,576.593018,0.883426,205.905884	,0.797357
563.792114,0.762892,190.306015	,578.428711,0.897763,203.935043	,0.821414
565.301392,0.771464,188.614609	,580.180420,0.886290,201.978836	,0.839336
566.883118,0.810541,186.833588	,581.839294,0.844354,200.111786	,0.845051
568.482849,0.827014,185.025497	,583.464172,0.824971,198.275467	,0.846918
570.084778,0.822046,183.211334	,585.074280,0.827039,196.452026	,0.847539
571.684753,0.816118,181.398819	,586.676819,0.830086,194.636490	,0.847746
573.257874,0.809672,179.607590	,588.288269,0.833654,192.801834	,0.850644
574.766235,0.792609,177.854446	,589.919189,0.847816,190.907578	,0.860009
576.200073,0.773107,176.130814	,591.556274,0.864379,188.943985	,0.875755
577.550171,0.756201,174.429672	,593.185303,0.878299,186.900803	,0.897838
578.807312,0.740760,172.745407	,594.789734,0.890692,184.767868	,0.926225
580.069275,0.752331,170.977509	,596.297058,0.876044,182.667023	,0.946873
581.404480,0.795746,169.097687	,597.710022,0.829607,180.679047	,0.953466
582.758057,0.813495,167.183914	,599.088745,0.808772,178.729782	,0.955619
584.111572,0.807395,165.264511	,600.454468,0.811795,176.793137	,0.956678
585.422302,0.789899,163.381561	,601.832214,0.826223,174.814575	,0.962533
586.669922,0.770589,161.539139	,603.216675,0.842446,172.772964	,0.974638
587.844421,0.754434,159.730820	,604.593811,0.855476,170.660049	,0.992947
588.936340,0.739641,157.951324	,605.947937,0.867100,168.467438	,1.017428
589.936584,0.724490,156.196930	,607.261902,0.879029,166.187469	,1.048048
590.837097,0.709058,154.465591	,608.517151,0.891181,163.813461	,1.084772
591.644653,0.697422,152.735886	,609.686646,0.899438,161.364090	,1.125061
592.522034,0.743814,150.798706	,610.716248,0.849819,159.102814	,1.142878
593.441162,0.791974,148.754883	,611.683838,0.798351,156.952728	,1.148651
594.369019,0.798762,146.678909	,612.627319,0.788199,154.841904	,1.150550
595.279663,0.782990,144.620987	,613.567261,0.800636,152.717972	,1.154177
596.141479,0.761782,142.615631	,614.506958,0.818519,150.534241	,1.163931
596.944397,0.745465,140.658157	,615.432434,0.831493,148.286087	,1.179720
597.678223,0.731876,138.745010	,616.327881,0.841709,145.968521	,1.201510
598.333801,0.717697,136.873810	,617.176575,0.852483,143.577057	,1.229272
598.902771,0.702866,135.043579	,617.960388,0.863881,141.108368	,1.262972
599.377991,0.688262,133.254837	,618.660461,0.875022,138.560562	,1.302573
599.752869,0.674086,131.509460	,619.256287,0.885704,135.933472	,1.348040
600.022400,0.660149,129.810760	,619.726746,0.896118,133.229126	,1.399337
600.256653,0.687424,127.952026	,620.070007,0.865340,130.672333	,1.434610
600.518005,0.756926,125.861328	,620.361755,0.792474,128.355942	,1.445896
600.781616,0.782941,123.699837	,620.634521,0.762920,126.120613	,1.449584
601.043762,0.773963,121.519257	,620.899597,0.768376,123.915878	,1.450809
601.305664,0.765142,119.336693	,621.162476,0.773722,121.725410	,1.451215
601.567444,0.764673,117.157722	,621.424622,0.770737,119.543861	,1.451343
601.828735,0.765435,114.984070	,621.686035,0.766521,117.369370	,1.451382
602.089111,0.763940,112.816284	,621.946411,0.764564,115.201309	,1.451396
602.348694,0.761624,110.654564	,622.205994,0.763437,113.039497	,1.451401
602.607544,0.759704,108.498970	,622.464844,0.761927,110.883873	,1.451403
602.853027,0.751201,106.385338	,622.718994,0.767009,108.696617	,1.455117
603.069214,0.734922,104.332489	,622.956055,0.779870,106.455978	,1.464580
603.246216,0.719060,102.339577	,623.162964,0.792316,104.161263	,1.479760
603.374756,0.705680,100.406265	,623.325073,0.802282,101.812347	,1.500621
603.446167,0.692958,98.532944	,623.426636,0.811592,99.409912	,1.527133
603.453369,0.679814,96.720909	,623.451538,0.821330,96.955788	,1.559263
603.398804,0.675921,94.916222	,623.394165,0.821796,94.508186	,1.591411
603.329529,0.719263,92.918678	,623.318787,0.775175,92.265846	,1.603592
603.253601,0.750198,90.844864	,623.240173,0.740878,90.112076	,1.607554
603.173462,0.749685,88.750305	,623.159058,0.738014,87.991379	,1.608861
603.092224,0.741384,86.653053	,623.077454,0.742965,85.885567	,1.609296
603.010010,0.738367,84.521797	,622.995117,0.742036,83.751472	,1.609422
602.925537,0.739356,82.332115	,622.910645,0.739235,81.560844	,1.609463
602.838501,0.738038,80.089256	,622.823364,0.737291,79.311607	,1.609783
602.739380,0.725508,77.854836	,622.719971,0.745420,76.974327	,1.614947
602.614807,0.705646,75.659187	,622.584045,0.760744,74.551460	,1.626348
602.453369,0.687306,73.514656	,622.399780,0.775211,72.054573	,1.644025
602.243713,0.671507,71.430382	,622.149353,0.787521,69.493309	,1.667980
601.976135,0.655932,69.413704	,621.814026,0.799544,66.876503	,1.698195
601.642456,0.639903,67.471085	,621.374634,0.811866,64.213211	,1.734636
601.236267,0.623942,65.608810	,620.811462,0.824106,61.513462	,1.777260
600.752563,0.608432,63.833431	,620.104614,0.835987,58.789158	,1.826023
600.188354,0.593342,62.151981	,619.234497,0.847549,56.054569	,1.880882
599.542419,0.578520,60.572018	,618.181946,0.858929,53.326908	,1.941792
598.776245,0.594704,58.934467	,617.029053,0.839346,50.762745	,1.991971
597.913147,0.642721,57.208267	,615.848450,0.788272,48.359360	,2.029297
596.992798,0.636093,55.558212	,614.551758,0.791546,45.984436	,2.070140
595.942627,0.666436,53.727551	,613.325439,0.758108,43.836575	,2.088242
594.830383,0.710108,51.798767	,612.154480,0.711343,41.804977	,2.094107
593.697205,0.720559,49.843258	,611.001892,0.697731,39.815983	,2.096028
592.558838,0.712563,47.883049	,609.857178,0.702579,37.844826	,2.096668
591.424438,0.706051,45.932899	,608.712158,0.705971,35.876274	,2.097737
590.307251,0.693758,44.042904	,607.529419,0.715169,33.874500	,2.104227
589.199036,0.676888,42.224915	,606.293030,0.728970,31.842506	,2.116718
588.091003,0.661047,40.484764	,604.990540,0.741782,29.789038	,2.135170
586.975342,0.646945,38.828354	,603.609253,0.752909,27.724152	,2.159549
585.825562,0.641001,37.218742	,602.169556,0.755919,25.692181	,2.185167
584.578857,0.676557,35.491650	,600.809204,0.717546,23.805164	,2.194930
583.293884,0.703529,33.718430	,599.486755,0.687710,21.979961	,2.198103
581.997437,0.703679,31.934643	,598.177979,0.684690,20.179214	,2.199149
580.703491,0.695135,30.158587	,596.869995,0.690385,18.383806	,2.200353
579.432190,0.680843,28.439135	,595.522278,0.701857,16.560263	,2.206822
578.151611,0.676116,26.732956	,594.166138,0.703785,14.752369	,2.213162
576.847961,0.688225,24.997950	,592.838074,0.688891,12.984819	,2.215179
575.539001,0.694223,23.257719	,591.521179,0.680108,11.233972	,2.215835
574.230469,0.691842,21.519382	,590.209961,0.679715,9.492161	,2.216054
572.924683,0.688549,19.784935	,588.903320,0.680243,7.756580	,2.216127
571.622375,0.687173,18.054998	,587.600769,0.678863,6.026276	,2.216150
570.323669,0.686370,16.329870	,586.301941,0.676918,4.301021	,2.216157
569.028687,0.685136,14.609653	,585.006958,0.675410,2.580764	,2.216159
567.737305,0.683628,12.894360	,583.715576,0.674185,0.865465	,2.216160
566.449707,0.682228,11.183976	,582.427979,0.672861,-0.844926	,2.216160
565.165771,0.680906,9.478496	,581.144043,0.671465,-2.550407	,2.216160
563.885559,0.679570,7.777916	,579.863831,0.670091,-4.250988	,2.216160
562.609009,0.678222,6.082222	,578.587280,0.668737,-5.946680	,2.216160
561.336121,0.676869,4.391406	,577.314392,0.667396,-7.637497	,2.216160
560.066895,0.675522,2.705456	,576.045166,0.666058,-9.323447	,2.216160
558.801331,0.674182,1.024363	,574.779602,0.664720,-11.004539	,2.216160
557.539429,0.672846,-0.651880	,573.517700,0.663385,-12.680782	,2.216160
556.281189,0.671514,-2.323283	,572.259460,0.662055,-14.352185	,2.216160
555.016235,0.674537,-4.012186	,571.023438,0.656373,-16.002499	,2.213743
553.736877,0.686164,-5.752434	,569.839417,0.642075,-17.614426	,2.205739
552.453735,0.698402,-7.550376	,568.714844,0.627144,-19.193817	,2.192223
551.178101,0.708162,-9.412851	,567.657227,0.614659,-20.745491	,2.173231
549.922424,0.717012,-11.346663	,566.673401,0.603046,-22.273333	,2.148794
548.700623,0.726162,-13.358133	,565.770081,0.591085,-23.780027	,2.118943
547.570251,0.710225,-15.317764	,564.857971,0.604189,-25.373756	,2.097654
546.521301,0.668695,-17.151100	,563.877869,0.642947,-27.088329	,2.090831
545.501831,0.651795,-18.941277	,562.880615,0.657014,-28.839565	,2.088606
544.482422,0.654275,-20.735636	,561.868530,0.650823,-30.621069	,2.087853
543.437317,0.657782,-22.575520	,560.825989,0.646116,-32.456619	,2.087595
542.364319,0.655782,-24.464230	,559.753723,0.645560,-34.343864	,2.087511
541.264648,0.652595,-26.399559	,558.654419,0.645259,-36.278702	,2.087487
540.141907,0.653460,-28.382442	,557.547668,0.640578,-38.233387	,2.085867
538.995728,0.665957,-30.446192	,556.475586,0.624442,-40.164951	,2.078279
537.843506,0.681684,-32.591293	,555.455200,0.605483,-42.068764	,2.064515
536.703186,0.694895,-34.819218	,554.500183,0.589149,-43.943737	,2.044572
535.593750,0.706503,-37.132927	,553.622681,0.574277,-45.789848	,2.018464
534.534912,0.718280,-39.535793	,552.833252,0.559090,-47.607067	,1.986220
533.546997,0.730262,-42.030697	,552.140991,0.543642,-49.394650	,1.947878
532.651306,0.741982,-44.619358	,551.553528,0.528439,-51.150761	,1.903477
531.870605,0.753303,-47.301750	,551.077637,0.513604,-52.872253	,1.853061
531.232178,0.723176,-49.856327	,550.622192,0.540217,-54.754589	,1.818246
530.671265,0.649533,-52.181671	,550.115845,0.610471,-56.862022	,1.807079
530.138428,0.619045,-54.429955	,549.600098,0.637392,-59.038910	,1.803439
529.616699,0.624334,-56.649239	,549.083862,0.628559,-61.234825	,1.802231
529.098755,0.629830,-58.854778	,548.567749,0.619565,-63.432713	,1.801830
528.582458,0.626896,-61.051571	,548.052063,0.619021,-65.627014	,1.801703
528.067810,0.622639,-63.241417	,547.537659,0.619799,-67.816048	,1.801664
527.554199,0.623507,-65.441124	,547.031372,0.615452,-69.984474	,1.800056
527.047302,0.635862,-67.695457	,546.557556,0.599621,-72.094215	,1.792625
526.560181,0.638460,-69.943382	,546.100708,0.593553,-74.205620	,1.785629
526.086426,0.621828,-72.139168	,545.636475,0.606734,-76.357567	,1.783401
525.618469,0.611612,-74.314346	,545.171570,0.613499,-78.518417	,1.782677
525.153687,0.610945,-76.478767	,544.707886,0.610724,-80.678139	,1.782436
524.690674,0.612726,-78.643852	,544.248535,0.605514,-82.825676	,1.781536
524.232605,0.622505,-80.857567	,543.815979,0.592309,-84.918449	,1.775344
523.792664,0.635924,-83.127907	,543.423279,0.575462,-86.953239	,1.763317
523.379211,0.627460,-85.347786	,543.036926,0.580508,-89.032127	,1.756147
522.978210,0.606553,-87.514618	,542.644592,0.598012,-91.152649	,1.753812
522.583008,0.598457,-89.660095	,542.252197,0.602703,-93.282990	,1.753049
522.190796,0.599419,-91.794571	,541.860840,0.598347,-95.412506	,1.752794
521.799988,0.599634,-93.921318	,541.470276,0.594752,-97.537636	,1.752710
521.410217,0.597462,-96.041420	,541.080627,0.593552,-99.657219	,1.752683
521.021606,0.595082,-98.155312	,540.692017,0.592569,-101.770943	,1.752675
520.634094,0.593400,-100.263115	,540.304626,0.590898,-103.878685	,1.752673
520.243408,0.591423,-102.389206	,539.913940,0.588635,-106.004761	,1.752659
519.842285,0.590633,-104.571663	,539.512817,0.587689,-108.187202	,1.752653
519.430664,0.589070,-106.811005	,539.101196,0.586183,-110.426544	,1.752652
519.010376,0.586958,-109.097458	,538.680908,0.584200,-112.712997	,1.752657
518.584595,0.584690,-111.413795	,538.255127,0.581893,-115.029350	,1.752663
518.155579,0.582675,-113.747925	,537.826111,0.579819,-117.363480	,1.752667
517.724792,0.580840,-116.091583	,537.395325,0.578057,-119.707138	,1.752668
517.293335,0.579078,-118.439232	,536.963867,0.576265,-122.054787	,1.752669
516.861755,0.577205,-120.787247	,536.532288,0.574426,-124.402802	,1.752670
516.428589,0.567324,-123.091393	,536.084106,0.580513,-126.787239	,1.756763
515.982178,0.549040,-125.333748	,535.601563,0.595032,-129.216797	,1.766315
515.517578,0.554157,-127.617249	,535.118530,0.586219,-131.592224	,1.770994
515.046204,0.568465,-129.926163	,534.641052,0.568231,-133.931107	,1.772504
514.572266,0.571194,-132.239273	,534.165161,0.561815,-136.254013	,1.772999
514.098328,0.563642,-134.532074	,533.683655,0.565686,-138.583710	,1.774888
513.618530,0.545348,-136.754822	,533.170776,0.580314,-140.962830	,1.782898
513.119507,0.530588,-138.929886	,532.621582,0.591423,-143.364243	,1.794504
512.599548,0.545455,-141.165665	,532.081238,0.572944,-145.689102	,1.799054
512.072021,0.560500,-143.424667	,531.546997,0.554282,-147.977219	,1.800528
511.542023,0.560557,-145.686829	,531.014771,0.550614,-150.248871	,1.801014
511.012024,0.555415,-147.945755	,530.484070,0.552158,-152.510910	,1.801178
510.483459,0.552698,-150.199448	,529.955261,0.551289,-154.765610	,1.801231
509.956421,0.551765,-152.447205	,529.428101,0.548645,-157.013702	,1.801247
509.431244,0.545407,-154.661484	,528.890686,0.551438,-159.279984	,1.803923
508.900574,0.527974,-156.804398	,528.318420,0.565322,-161.594559	,1.812771
508.353119,0.509493,-158.873459	,527.697266,0.580275,-163.952652	,1.827705
507.773621,0.517822,-160.991608	,527.072937,0.568444,-166.238953	,1.836393
507.177917,0.540085,-163.159332	,526.462219,0.542697,-168.461792	,1.839221
506.576569,0.546056,-165.338806	,525.855896,0.533237,-170.659241	,1.840145
505.974121,0.540997,-167.517868	,525.251831,0.534820,-172.844193	,1.840454
505.372833,0.536980,-169.692734	,524.650024,0.535375,-175.020981	,1.840556
504.773163,0.535909,-171.862152	,524.050171,0.532994,-177.191040	,1.840588
504.175110,0.535022,-174.025711	,523.452087,0.530437,-179.354782	,1.840598
503.578705,0.533332,-176.183182	,522.855652,0.528692,-181.512344	,1.840601
502.983917,0.531402,-178.334579	,522.260864,0.527197,-183.663742	,1.840602
502.391998,0.526792,-180.463882	,521.660522,0.528393,-185.823441	,1.842182
501.800018,0.511868,-182.526642	,521.028625,0.539920,-188.027557	,1.849540
501.197388,0.494377,-184.518280	,520.351501,0.554034,-190.273041	,1.862786
500.574677,0.479509,-186.435486	,519.615417,0.565553,-192.554626	,1.881881
499.910522,0.485609,-188.380646	,518.860596,0.556133,-194.775208	,1.896369
499.214081,0.514081,-190.412140	,518.134216,0.524382,-196.895111	,1.901000
498.506744,0.525020,-192.466553	,517.416931,0.510142,-198.978394	,1.902511
497.796539,0.520359,-194.524261	,516.703491,0.511513,-201.045502	,1.903013
497.087097,0.515454,-196.579163	,515.992981,0.513143,-203.103516	,1.903180
496.374634,0.513766,-198.643326	,515.280212,0.510553,-205.168686	,1.903224
495.644318,0.513963,-200.759399	,514.549744,0.508554,-207.285095	,1.903234
494.894928,0.512774,-202.930374	,513.800293,0.507084,-209.456192	,1.903239
494.126434,0.510462,-205.156677	,513.031799,0.505296,-211.682526	,1.903242
493.338715,0.508252,-207.438599	,512.244080,0.503283,-213.964447	,1.903244
492.531830,0.506395,-209.776215	,511.437225,0.501339,-216.302094	,1.903244
491.705994,0.504676,-212.168671	,510.611389,0.499535,-218.694519	,1.903244
490.865692,0.502814,-214.602951	,509.771088,0.497684,-221.128830	,1.903248
490.016541,0.500586,-217.062943	,508.921936,0.495492,-223.588821	,1.903252
489.162292,0.498422,-219.537766	,508.067688,0.493327,-226.063644	,1.903255
488.305481,0.496446,-222.020081	,507.210876,0.491337,-228.545959	,1.903257
487.447723,0.494534,-224.505035	,506.353119,0.489415,-231.030914	,1.903257
486.590179,0.492589,-226.989365	,505.495575,0.487454,-233.515244	,1.903258
485.733521,0.490599,-229.471008	,504.638916,0.485463,-235.996887	,1.903259
484.878326,0.488613,-231.948563	,503.783722,0.483467,-238.474442	,1.903259
484.029266,0.477378,-234.375275	,502.905243,0.490763,-240.985718	,1.907746
483.176910,0.454402,-236.720734	,501.976105,0.509835,-243.546295	,1.919190
482.307709,0.431608,-238.979080	,500.978363,0.528754,-246.148209	,1.937555
481.409241,0.412408,-241.144211	,499.893005,0.544119,-248.781876	,1.962798
480.438904,0.431689,-243.392593	,498.813354,0.521062,-251.290176	,1.976869
479.427551,0.471109,-245.719070	,497.765442,0.477895,-253.701645	,1.981446
478.402252,0.482631,-248.065933	,496.728058,0.462598,-256.076233	,1.982943
477.373627,0.475494,-250.414856	,495.695465,0.465982,-258.434204	,1.983443
476.348938,0.467075,-252.746552	,494.658447,0.470668,-260.794037	,1.984985
475.322449,0.464535,-255.073486	,493.622253,0.469488,-263.143005	,1.986190
474.295105,0.467217,-257.401276	,492.591736,0.463095,-265.477936	,1.986577
473.269104,0.467383,-259.724945	,491.564697,0.459223,-267.803986	,1.986703
472.245331,0.464992,-262.042969	,490.540619,0.457921,-270.122742	,1.986745
471.224243,0.462558,-264.354858	,489.519409,0.456674,-272.434875	,1.986760
470.211853,0.455018,-266.631195	,488.483337,0.460546,-274.764679	,1.989688
469.206787,0.435027,-268.829224	,487.398743,0.476893,-277.138855	,1.999372
468.188446,0.418529,-270.972534	,486.267670,0.489771,-279.524475	,2.012751
467.129944,0.436628,-273.178955	,485.164124,0.468103,-281.825745	,2.017975
466.056488,0.455300,-275.409851	,484.075836,0.445853,-284.087524	,2.019666
464.962585,0.455686,-277.678009	,482.977051,0.441274,-286.365875	,2.020221
463.848602,0.444493,-279.970245	,481.834320,0.450466,-288.717438	,2.023521
462.715698,0.421126,-282.238037	,480.608887,0.470186,-291.172913	,2.034004
461.528351,0.413304,-284.553070	,479.335297,0.473584,-293.658539	,2.043571
460.287628,0.434447,-286.962646	,478.066071,0.448260,-296.123840	,2.046681
459.036102,0.433884,-289.355957	,476.752045,0.444521,-298.637390	,2.053456
457.757935,0.419000,-291.748444	,475.407104,0.455325,-301.156158	,2.060614
456.450287,0.428194,-294.188599	,474.077789,0.442267,-303.636963	,2.062906
455.132660,0.438022,-296.643738	,472.753021,0.428585,-306.105408	,2.063648
453.811981,0.437329,-299.101898	,471.430023,0.425360,-308.567902	,2.063895
452.491669,0.432988,-301.558411	,470.108917,0.425760,-311.025879	,2.063979
451.173370,0.430360,-304.011353	,468.790375,0.424463,-313.479248	,2.064007
449.857666,0.429011,-306.459534	,467.474609,0.421914,-315.927612	,2.064015
448.553711,0.420749,-308.870483	,466.140137,0.426298,-318.395081	,2.067233
447.262512,0.396806,-311.196106	,464.746582,0.446386,-320.907166	,2.077892
445.969391,0.370613,-313.428162	,463.275970,0.468764,-323.451721	,2.095891
444.636261,0.363202,-315.628784	,461.760529,0.472409,-325.960693	,2.113809
443.236694,0.399377,-317.918427	,460.297302,0.432546,-328.355560	,2.119911
441.814850,0.422841,-320.234497	,458.854523,0.405360,-330.705872	,2.121891
440.387054,0.420704,-322.554169	,457.419830,0.403787,-333.036774	,2.122548
438.960052,0.413349,-324.870972	,455.990570,0.407452,-335.357239	,2.122769
437.539978,0.409191,-327.173279	,454.559204,0.407934,-337.677856	,2.123846
436.140869,0.392550,-329.403320	,453.079895,0.420922,-340.036682	,2.131448
434.751190,0.367538,-331.545258	,451.531219,0.442317,-342.427582	,2.146247
433.358459,0.344716,-333.590240	,449.895752,0.461580,-344.837677	,2.168192
431.951874,0.324992,-335.529236	,448.155548,0.477822,-347.251770	,2.197242
430.496582,0.315511,-337.403198	,446.334473,0.483886,-349.615234	,2.227804
428.913025,0.363961,-339.407288	,444.607361,0.432197,-351.804138	,2.239443
427.278931,0.404389,-341.462708	,442.925842,0.388451,-353.919556	,2.243218
425.629242,0.406795,-343.529419	,441.260590,0.382717,-356.005859	,2.244464
423.977539,0.397224,-345.596039	,439.603760,0.388993,-358.078827	,2.244882
422.328735,0.393722,-347.659241	,437.953308,0.389217,-360.144165	,2.245018
420.660309,0.393928,-349.747284	,436.284332,0.385122,-362.232880	,2.245051
418.955719,0.394153,-351.880463	,434.579559,0.383203,-364.366302	,2.245062
417.214661,0.392140,-354.059082	,432.838440,0.381862,-366.544983	,2.245067
415.437164,0.389660,-356.283234	,431.060944,0.380075,-368.769196	,2.245070
413.623749,0.387736,-358.552399	,429.247467,0.378113,-371.038361	,2.245072
411.783020,0.386073,-360.855713	,427.406738,0.376265,-373.341675	,2.245074
409.926086,0.384083,-363.179352	,425.549805,0.374248,-375.665314	,2.245077
408.070099,0.377768,-365.494659	,423.667328,0.376547,-378.013702	,2.247203
406.236877,0.353124,-367.735992	,421.709229,0.397449,-380.408966	,2.257139
404.415161,0.322262,-369.883789	,419.657959,0.424739,-382.831604	,2.275080
402.593567,0.295491,-371.922241	,417.496033,0.447982,-385.259949	,2.300987
400.762024,0.271627,-373.836426	,415.204834,0.468366,-387.669983	,2.334824
398.912933,0.247624,-375.612152	,412.766205,0.489013,-390.035370	,2.376547
397.041687,0.223235,-377.235809	,410.163452,0.510240,-392.326813	,2.426107
395.123688,0.204028,-378.719086	,407.411469,0.526441,-394.495819	,2.480124
392.939331,0.278199,-380.336060	,404.846558,0.449726,-396.404358	,2.503994
390.621399,0.364388,-382.031158	,402.403015,0.360819,-398.192657	,2.511710
388.260986,0.381928,-383.743896	,400.001221,0.340458,-399.935425	,2.514245
385.890564,0.367121,-385.458374	,397.617310,0.352524,-401.659729	,2.515096
383.522034,0.359910,-387.171265	,395.244324,0.357035,-403.375793	,2.515375
381.158661,0.361823,-388.880829	,392.879547,0.352419,-405.086395	,2.515461
378.801178,0.363034,-390.586029	,390.521576,0.348496,-406.791962	,2.515487
376.449768,0.361387,-392.286530	,388.169983,0.347436,-408.492584	,2.515497
374.118652,0.355183,-393.967010	,385.805603,0.350951,-410.197113	,2.517556
371.839172,0.332475,-395.577209	,383.370483,0.371009,-411.918152	,2.527133
369.601929,0.304575,-397.100037	,380.850220,0.396322,-413.636902	,2.544372
367.398102,0.280606,-398.520874	,378.232330,0.417801,-415.331604	,2.569221
365.181549,0.268588,-399.860321	,375.553558,0.427421,-416.959930	,2.596490
362.815765,0.314565,-401.262421	,373.008148,0.379216,-418.470306	,2.606920
360.391632,0.355011,-402.689545	,370.524994,0.336475,-419.932343	,2.610300
357.995331,0.345537,-404.077240	,368.006866,0.343672,-421.391083	,2.617361
355.650604,0.308859,-405.387695	,365.408722,0.378144,-422.845520	,2.631974
353.350739,0.280206,-406.607178	,362.721039,0.404686,-424.275818	,2.654075
351.089661,0.261206,-407.721039	,359.934204,0.421690,-425.658417	,2.683620
348.863281,0.242341,-408.715271	,357.039185,0.438697,-426.966736	,2.720579
346.670288,0.221172,-409.577240	,354.029541,0.458192,-428.172516	,2.764911
344.444611,0.213537,-410.333679	,350.977386,0.464311,-429.234985	,2.808990
341.957458,0.288151,-411.146637	,348.172607,0.388537,-430.156158	,2.825677
339.366272,0.349507,-411.981110	,345.477173,0.325826,-431.024628	,2.831089
336.744751,0.354797,-412.817169	,342.821472,0.319155,-431.871613	,2.832875
334.118195,0.342566,-413.652191	,340.183746,0.330059,-432.710236	,2.833474
331.538086,0.328807,-414.459961	,337.506592,0.342530,-433.548645	,2.838577
329.025269,0.307585,-415.211945	,334.756775,0.362505,-434.373016	,2.850992
326.575439,0.285165,-415.891876	,331.928955,0.383746,-435.161835	,2.870684
324.185669,0.264900,-416.485046	,329.018799,0.402943,-435.891785	,2.897609
321.854797,0.245747,-416.977875	,326.023438,0.421172,-436.537811	,2.931728
319.583649,0.226551,-417.358246	,322.941986,0.439618,-437.073090	,2.973001
317.375092,0.207383,-417.615692	,319.776276,0.458240,-437.469452	,3.021385
314.944336,0.252083,-417.839081	,316.830078,0.413222,-437.749359	,3.047261
312.346100,0.328340,-418.065399	,314.062408,0.336684,-437.991608	,3.055681
309.697266,0.352341,-418.287109	,311.358215,0.312280,-438.217957	,3.058433
307.072052,0.335257,-418.494507	,308.643158,0.329016,-438.432678	,3.062957
304.523468,0.305810,-418.664551	,305.861664,0.358189,-438.619690	,3.074666
302.050293,0.284221,-418.782471	,303.014099,0.379581,-438.759033	,3.093441
299.504150,0.299765,-418.875366	,300.251404,0.363895,-438.861328	,3.104261
296.892303,0.334202,-418.965057	,297.568390,0.329330,-438.953644	,3.107780
294.263672,0.345485,-419.051392	,294.916565,0.317899,-439.040710	,3.108930
291.666809,0.334307,-419.127563	,292.247009,0.328957,-439.119141	,3.112577
289.147034,0.310179,-419.173004	,289.513611,0.353012,-439.169586	,3.123288
286.648529,0.299568,-419.184601	,286.772797,0.363599,-439.184113	,3.135417
284.077820,0.324506,-419.190277	,284.118530,0.338675,-439.190216	,3.139567
281.486237,0.342737,-419.192810	,281.499603,0.320438,-439.192810	,3.140911
278.890289,0.342549,-419.193268	,278.894745,0.320166,-439.193268	,3.141357
276.250031,0.338621,-419.193176	,276.251495,0.324371,-439.193176	,3.141510
273.551147,0.338831,-419.193176	,273.551636,0.325645,-439.193176	,3.141561
270.793823,0.339874,-419.193298	,270.794006,0.324434,-439.193298	,3.141577
267.978027,0.339940,-419.193329	,267.978088,0.323648,-439.193329	,3.141582
265.103699,0.339593,-419.193298	,265.103699,0.323709,-439.193298	,3.141583
262.175323,0.339617,-419.193298	,262.175323,0.324052,-439.193298	,3.141584
259.262115,0.328265,-419.180511	,259.160492,0.335367,-439.180267	,-3.136509
256.408783,0.300915,-419.130554	,256.045929,0.362306,-439.127197	,-3.123415
253.589447,0.279547,-419.029114	,252.879730,0.383571,-439.016235	,-3.106043
250.661758,0.308768,-418.906158	,249.815811,0.354642,-438.888214	,-3.099260
247.689255,0.340655,-418.775574	,246.798660,0.323070,-438.755737	,-3.097061
244.717545,0.343412,-418.638947	,243.788528,0.320545,-438.617340	,-3.095142
241.823578,0.317102,-418.479828	,240.714355,0.347084,-438.449005	,-3.086090
239.018646,0.285586,-418.277954	,237.570984,0.378907,-438.225281	,-3.069097
236.305801,0.261545,-418.015106	,234.362900,0.403388,-437.920013	,-3.044217
233.689163,0.240879,-417.674225	,231.096481,0.424641,-437.504608	,-3.011492
230.942642,0.270297,-417.262573	,227.991653,0.395959,-437.043274	,-2.993438
228.085739,0.330058,-416.822052	,225.017288,0.336965,-436.585236	,-2.987568
225.198547,0.351096,-416.369202	,222.091766,0.316626,-436.126404	,-2.985652
222.307114,0.344540,-415.912109	,219.187820,0.323907,-435.667358	,-2.985010
219.419586,0.339416,-415.455170	,216.296204,0.329771,-435.209808	,-2.984797
216.538620,0.341100,-414.999603	,213.413895,0.328823,-434.753998	,-2.984731
213.657806,0.343016,-414.544006	,210.532654,0.326746,-434.298340	,-2.984710
210.728928,0.344048,-414.080658	,207.603622,0.327563,-433.834930	,-2.984701
207.744308,0.344495,-413.608459	,204.618942,0.329031,-433.362732	,-2.984698
204.704285,0.344553,-413.127472	,201.578918,0.329321,-432.881744	,-2.984697
201.609497,0.344702,-412.637878	,198.484131,0.329258,-432.392151	,-2.984697
198.460785,0.345073,-412.139679	,195.335388,0.329494,-431.893951	,-2.984697
195.259247,0.345512,-411.633179	,192.133850,0.330007,-431.387451	,-2.984697
192.006271,0.345989,-411.118530	,188.880875,0.330501,-430.872803	,-2.984697
188.713120,0.346493,-410.597504	,185.587723,0.330981,-430.351776	,-2.984698
185.397842,0.346658,-410.072998	,182.272446,0.331168,-429.827271	,-2.984699
182.072754,0.346862,-409.546936	,178.947357,0.331388,-429.301208	,-2.984699
178.745972,0.347268,-409.020599	,175.620575,0.331790,-428.774872	,-2.984699
175.422897,0.347750,-408.494873	,172.297501,0.332275,-428.249146	,-2.984699
172.106995,0.348195,-407.970245	,168.981598,0.332731,-427.724518	,-2.984699
168.851685,0.336620,-407.441895	,165.628082,0.345140,-427.180420	,-2.979712
165.690628,0.307596,-406.888702	,162.215622,0.375038,-426.584381	,-2.966929
162.630066,0.277549,-406.289612	,158.750244,0.406077,-425.909241	,-2.946299
159.677032,0.252200,-405.625061	,155.239685,0.432568,-425.125793	,-2.917768
156.839874,0.228203,-404.877441	,151.694397,0.457872,-424.202820	,-2.881264
154.101517,0.207105,-404.027649	,148.152420,0.480430,-423.120422	,-2.839406
151.173431,0.268287,-403.056885	,144.864990,0.421062,-422.035278	,-2.820617
148.142441,0.346715,-402.033722	,141.716385,0.344336,-420.973236	,-2.814511
145.087158,0.366445,-400.991547	,138.622559,0.326231,-419.917938	,-2.812496
142.032089,0.355951,-399.944946	,135.554794,0.338400,-418.867004	,-2.811814
138.984512,0.351180,-398.900574	,132.503036,0.344859,-417.821228	,-2.811587
135.946930,0.354661,-397.859955	,129.464081,0.343051,-416.780121	,-2.811517
132.920273,0.357847,-396.822968	,126.436989,0.341520,-415.743011	,-2.811496
129.904770,0.358494,-395.789642	,123.421333,0.342521,-414.709625	,-2.811488
126.900314,0.358647,-394.760071	,120.416824,0.344012,-413.679993	,-2.811485
123.906731,0.359396,-393.734253	,117.423225,0.344904,-412.654175	,-2.811484
120.935356,0.358278,-392.713745	,114.430428,0.347660,-411.626343	,-2.810349
118.053314,0.338240,-391.697754	,111.386215,0.369364,-410.553772	,-2.801738
115.277199,0.307396,-390.666626	,108.292397,0.401933,-409.407043	,-2.784799
112.615929,0.279757,-389.601624	,105.159966,0.431398,-408.159241	,-2.759500
110.077675,0.256298,-388.485748	,102.004326,0.456819,-406.782745	,-2.725966
107.671936,0.233477,-387.305023	,98.843796,0.481767,-405.249420	,-2.684284
105.409599,0.210049,-386.049164	,95.700294,0.507523,-403.531769	,-2.634512
103.080505,0.237803,-384.638092	,92.762100,0.482339,-401.769073	,-2.599372
100.567009,0.335738,-383.090302	,90.054359,0.387149,-400.104462	,-2.588141
98.003822,0.382749,-381.496704	,87.428230,0.342649,-398.471863	,-2.584492
95.431595,0.377372,-379.889252	,84.835495,0.350572,-396.851593	,-2.583276
92.861542,0.367921,-378.281525	,82.258743,0.362608,-395.239716	,-2.582869
90.297249,0.369929,-376.677856	,79.692253,0.363179,-393.634705	,-2.582741
87.750809,0.372698,-375.083008	,77.126282,0.362968,-392.027588	,-2.581589
85.286430,0.354897,-373.511353	,74.520226,0.383340,-390.366272	,-2.573184
82.922562,0.326105,-371.948761	,71.882248,0.414751,-388.625214	,-2.556797
80.670052,0.301217,-370.380127	,69.228340,0.442343,-386.783386	,-2.532493
78.540268,0.280531,-368.792175	,66.577362,0.465839,-384.818848	,-2.500320
76.523239,0.263530,-367.161896	,63.967731,0.485743,-382.728180	,-2.462780
74.380524,0.315690,-365.372711	,61.563461,0.436730,-380.725494	,-2.445951
72.165024,0.379956,-363.506622	,59.263321,0.375524,-378.788849	,-2.440510
69.932732,0.395717,-361.616150	,57.003567,0.362760,-376.875122	,-2.438727
67.694069,0.387193,-359.716095	,54.755913,0.373427,-374.967438	,-2.438124
65.415840,0.384856,-357.782196	,52.474693,0.379973,-373.031036	,-2.437918
63.113628,0.384820,-355.822266	,50.138165,0.384375,-371.041931	,-2.435663
60.858421,0.363948,-353.862640	,47.726669,0.408249,-368.947601	,-2.425325
58.682671,0.332911,-351.900269	,45.271019,0.441491,-366.736572	,-2.406576
56.610790,0.305500,-349.928497	,42.803066,0.471753,-364.396393	,-2.379501
54.663754,0.282336,-347.940369	,40.354832,0.498578,-361.912048	,-2.344214
52.861732,0.259238,-345.931183	,37.958679,0.525595,-359.266388	,-2.300655
51.223301,0.234976,-343.898987	,35.649265,0.553732,-356.442810	,-2.248750
49.765747,0.210382,-341.845093	,33.464600,0.582235,-353.426758	,-2.188419
48.503483,0.186533,-339.772949	,31.447683,0.610178,-350.209412	,-2.119813
47.163307,0.259161,-337.382568	,29.736567,0.542067,-347.192200	,-2.083438
45.729103,0.384448,-334.774506	,28.184633,0.421311,-344.376068	,-2.071603
44.274357,0.427747,-332.096771	,26.692547,0.382224,-341.629791	,-2.067747
42.818317,0.415586,-329.401031	,25.224346,0.398671,-338.911652	,-2.066457
41.356667,0.406427,-326.692810	,23.758718,0.411176,-336.196106	,-2.066019
39.868916,0.412328,-323.937347	,22.269646,0.411290,-333.438141	,-2.065876
38.355274,0.418998,-321.133759	,20.755571,0.409880,-330.633759	,-2.065834
36.816566,0.421140,-318.283081	,19.216724,0.411682,-327.782837	,-2.065821
35.253075,0.422092,-315.386292	,17.653187,0.414726,-324.885986	,-2.065816
33.665195,0.424141,-312.444427	,16.065294,0.417276,-321.944122	,-2.065814
32.053555,0.426840,-309.458649	,14.453650,0.419493,-318.958282	,-2.065814
30.418800,0.429415,-306.429993	,12.818892,0.421814,-315.929626	,-2.065814
28.766520,0.431660,-303.368835	,11.166612,0.424141,-312.868469	,-2.065816
27.092346,0.434070,-300.267120	,9.492438,0.426639,-309.766754	,-2.065815
25.396484,0.436676,-297.125244	,7.796580,0.429248,-306.624878	,-2.065815
23.678974,0.439249,-293.943207	,6.079066,0.431782,-303.442841	,-2.065815
21.939859,0.441767,-290.721191	,4.339952,0.434311,-300.220825	,-2.065815
20.179272,0.444327,-287.459381	,2.579364,0.436871,-296.959015	,-2.065815
18.397421,0.446933,-284.158142	,0.797515,0.439491,-293.657776	,-2.065815
16.594524,0.449592,-280.817963	,-1.005383,0.442140,-290.317596	,-2.065815
14.770817,0.452270,-277.439209	,-2.829090,0.444823,-286.938843	,-2.065815
12.926530,0.454984,-274.022369	,-4.673376,0.447522,-283.522003	,-2.065815
11.061913,0.457717,-270.567780	,-6.537996,0.450257,-280.067413	,-2.065815
9.177217,0.460480,-267.076050	,-8.422691,0.453026,-276.575684	,-2.065816
7.303220,0.451859,-263.578735	,-10.336296,0.467248,-273.004639	,-2.061617
5.473971,0.425529,-260.083862	,-12.264330,0.499256,-269.322205	,-2.050991
3.710193,0.397667,-256.580688	,-14.181343,0.532889,-265.517944	,-2.034071
2.032974,0.374428,-253.059723	,-16.059557,0.562014,-261.581757	,-2.010984
0.463846,0.352612,-249.512924	,-17.868711,0.589839,-257.504242	,-1.981842
-0.975675,0.329820,-245.934555	,-19.576588,0.618772,-253.277756	,-1.946750
-2.264139,0.306455,-242.321457	,-21.149155,0.648425,-248.897110	,-1.905812
-3.380077,0.283265,-238.673294	,-22.550457,0.678046,-244.360184	,-1.859122
-4.300229,0.260686,-235.000641	,-23.740559,0.707483,-239.677582	,-1.806836
-5.001820,0.237397,-231.317047	,-24.679911,0.736752,-234.855896	,-1.748686
-5.494538,0.233186,-227.541824	,-25.336735,0.747868,-229.995865	,-1.693817
-5.937119,0.371883,-223.384933	,-25.831032,0.616835,-225.427536	,-1.673122
-6.363635,0.499399,-219.052582	,-26.272375,0.496492,-220.961029	,-1.666478
-6.779377,0.521778,-214.640503	,-26.692211,0.480985,-216.505280	,-1.664308
-7.192859,0.504666,-210.180450	,-27.107056,0.505107,-212.031067	,-1.663573
-7.623723,0.512541,-205.649292	,-27.531610,0.504448,-207.566589	,-1.666926
-8.100098,0.549629,-201.037689	,-27.989670,0.474552,-203.135132	,-1.676022
-8.647057,0.586818,-196.354279	,-28.503254,0.444463,-198.744110	,-1.690782
-9.291757,0.615936,-191.609116	,-29.094841,0.422461,-194.402054	,-1.711152
-10.034372,0.624688,-186.878036	,-29.781389,0.420540,-190.042465	,-1.729942
-10.798386,0.568579,-182.244843	,-30.525497,0.484380,-185.536377	,-1.736283
-11.574535,0.527136,-177.624985	,-31.294884,0.533531,-180.957840	,-1.738321
-12.360713,0.527859,-172.988403	,-32.078785,0.540060,-176.334686	,-1.738999
-13.153637,0.540190,-168.324890	,-32.870972,0.534933,-171.675507	,-1.739229
-13.951688,0.545457,-163.631012	,-33.668785,0.537068,-166.983063	,-1.739303
-14.754936,0.546770,-158.905777	,-34.471954,0.543310,-162.258286	,-1.739324
-15.563689,0.549495,-154.149063	,-35.280678,0.548183,-157.501724	,-1.739330
-16.377922,0.553721,-149.360794	,-36.094902,0.551563,-152.713516	,-1.739333
-17.197508,0.557918,-144.541061	,-36.914486,0.555006,-147.893784	,-1.739335
-18.005520,0.551041,-139.724548	,-37.733784,0.569652,-143.010193	,-1.735923
-18.772503,0.525991,-134.930878	,-38.528316,0.602342,-138.045654	,-1.727243
-19.474215,0.498974,-130.161545	,-39.271004,0.637039,-133.001999	,-1.713348
-20.086399,0.476595,-125.419113	,-39.933304,0.667197,-127.881653	,-1.694270
-20.588804,0.457936,-120.692657	,-40.486069,0.693679,-122.703445	,-1.671529
-21.040043,0.504769,-115.832497	,-40.957756,0.654809,-117.638664	,-1.661280
-21.476389,0.574631,-110.906059	,-41.401314,0.592818,-112.637321	,-1.657583
-21.877810,0.577579,-106.014046	,-41.814465,0.597764,-107.604424	,-1.650516
-22.218052,0.535852,-101.182289	,-42.172459,0.647439,-102.527351	,-1.638176
-22.475996,0.502571,-96.423096	,-42.450413,0.688412,-97.417236	,-1.620574
-22.628550,0.483516,-91.750267	,-42.620037,0.715067,-92.285835	,-1.597618
-22.653198,0.465042,-87.179543	,-42.651268,0.741142,-87.146202	,-1.569161
-22.530109,0.442664,-82.729156	,-42.514599,0.771075,-82.013367	,-1.535024
-22.242434,0.419241,-78.420143	,-42.181282,0.801922,-76.904884	,-1.494979
-21.776516,0.396586,-74.276558	,-41.622921,0.831806,-71.841240	,-1.448742
-21.122620,0.374259,-70.325600	,-40.811653,0.861130,-66.846382	,-1.395958
-20.275108,0.351471,-66.593460	,-39.719646,0.890538,-61.943798	,-1.336176
-19.231897,0.328323,-63.101234	,-38.318768,0.920309,-57.156403	,-1.269003
-17.967804,0.350969,-59.677608	,-36.690258,0.903925,-52.665913	,-1.212620
-16.527952,0.525904,-56.011402	,-35.114353,0.735986,-48.628887	,-1.192853
-15.029779,0.645318,-52.284588	,-33.568192,0.623222,-44.779476	,-1.186365
-13.513138,0.652606,-48.558655	,-32.035149,0.622191,-41.013176	,-1.184183
-11.998512,0.631025,-44.856770	,-30.507698,0.649776,-37.279858	,-1.182453
-10.495592,0.609534,-41.246723	,-28.947577,0.677134,-33.531818	,-1.174965
-8.989331,0.586213,-37.757252	,-27.330704,0.705857,-29.783556	,-1.160881
-7.465289,0.562483,-34.411236	,-25.636002,0.734929,-26.056864	,-1.140015
-5.912113,0.539111,-31.232666	,-23.842201,0.763681,-22.374817	,-1.112115
-4.294442,0.537858,-28.148333	,-21.990925,0.769886,-18.832716	,-1.086424
-2.628938,0.577439,-25.112379	,-20.130482,0.735862,-15.434008	,-1.065855
-0.905003,0.619835,-22.057106	,-18.312313,0.698460,-12.209293	,-1.056184
0.839704,0.654587,-18.990942	,-16.535875,0.669022,-9.086950	,-1.052981
2.584397,0.664225,-15.936373	,-14.780593,0.664636,-6.013815	,-1.051912
4.323173,0.662904,-12.896336	,-13.038315,0.670875,-2.967656	,-1.051550
6.055072,0.663723,-9.868908	,-11.305260,0.674793,0.061788	,-1.051429
7.780994,0.667224,-6.851862	,-9.578959,0.676045,3.079502	,-1.051390
9.502061,0.670430,-3.843441	,-7.857769,0.677648,6.088140	,-1.051377
11.219035,0.672734,-0.842325	,-6.140755,0.680157,9.089326	,-1.051372
12.932392,0.674893,2.152442	,-4.427383,0.682781,12.084117	,-1.051370
14.642475,0.677255,5.141507	,-2.717298,0.685176,15.073192	,-1.051369
16.349531,0.679693,8.125297	,-1.010238,0.687486,18.056984	,-1.051369
18.053734,0.682084,11.104089	,0.693966,0.689841,21.035778	,-1.051369

